$ANSIBLE_VAULT;1.1;AES256
38303537626633396230336462373332353034343535393465306661396139616538333634376565
3137306430656334343136326166313932353063663661620a653963623735653233366639393765
37333731363563666530363435636533653339303138366566643534366533336166633962633664
6436306532323061320a646233653666306361663432633666636139353931653339666266333530
65666466643661306634613735666632636134643066656434623161336338633937613434303037
36306463626230323565656237333566313162643735666165303931393264656665616565363332
32356661386363386466643664663163373837316339356333653032613035633938323535356130
64336261306130346534623833366336336439346666616530343031386666643764636264393738
35393730303166396466663337386166636438326636653236636232306664313861366564396564
64616332663833326632383964336132346133393733313938613537356166626434643464346536
32366138373863353038376463663363353131383032373439303038663536653235633131343937
38373337616461366465376131653339363832346630643337643533643863633231313837626534
36653834656635643964306636643431313765356336313236363637613439333762393739643530
38333565363839303961376330346238306665363966313336363263653966623238376463343261
61373137343734393332383564633636626439626239396331363135333633356361626433323039
35643834323737623736633032383565383131323363393561383461323765666166616666313133
34643437386138653161353263643965353132356563363165646561633736303138336339366435
32656639343030386237663134653361343830303563303638386264666231353463663334343535
32646539373834383364323665303138313361646465336465656233623361373563383931633536
34643461646162666130653230353363326336386164366334363836363263633739393162313931
64653661393637393538663536373534643133326565666665323263343966383332653738643833
65613439376134643538356464333665653239303335313165623864353638366662633830623031
33666238373030383465373138356131616136326638326538656463323533616461623634313562
64623537633030326466336535643964633466393733366664356165633830353239373661336137
38343939663162393261613638666166353365376539306237363338396437653565303830633662
3233366438356232376561373833343632306366326264333736
